0, 0, -6.1073617396213087e-01, 0.0000000000000000e+00
1, 0, -1.0554053298965914e-02, 0.0000000000000000e+00
1, 1, 3.6738472615629397e-01, 9.6598169625819019e-01
2, 0, 6.3651142929157278e-01, 0.0000000000000000e+00
2, 1, 8.0051781778461180e-03, 2.1048291566545394e-02
2, 2, 8.2375347020578260e-01, -7.3254280700531837e-01
3, 0, 2.1474660496748951e-02, 0.0000000000000000e+00
3, 1, -3.0519563614807893e-01, -8.0246938899241549e-01
3, 2, 2.0728947022944283e-02, -1.8433806122081578e-02
3, 3, -9.8264776311069835e-01, -5.1221445428174717e-01
4, 0, -5.4047824521983800e-01, 0.0000000000000000e+00
4, 1, -1.2408620353581219e-02, -3.2626657978107154e-02
4, 2, -6.0199323135918970e-01, 5.3533151100170628e-01
4, 3, -2.7331879994131076e-02, -1.4246917860767112e-02
4, 4, -1.2444438690094689e-01, 1.0580238285218597e+00
5, 0, -2.6863899010382788e-02, 0.0000000000000000e+00
5, 1, 2.4152069893824357e-01, 6.3505240211037495e-01
5, 2, -2.7444430860383180e-02, 2.4405408464311891e-02
5, 3, 6.5056296748050291e-01, 3.3912066466833246e-01
5, 4, -3.7225603797270217e-03, 3.1649605124867558e-02
5, 5, 9.5408291097162379e-01, -2.3990805769568604e-01
6, 0, 4.0649943757462514e-01, 0.0000000000000000e+00
6, 1, 1.3518098369014636e-02, 3.5544394654163487e-02
6, 2, 4.4011693387000439e-01, -3.9137241275817697e-01
6, 3, 3.2034803645497247e-02, 1.6698885443413213e-02
6, 4, 7.5337465717475002e-02, -6.4042188528588195e-01
6, 5, 3.0087283326582923e-02, -7.5655772245870612e-03
6, 6, -4.9966709395298714e-01, -7.1525668682881283e-01
7, 0, 2.5581967370116105e-02, 0.0000000000000000e+00
7, 1, -1.6846996233748135e-01, -4.4298341299348520e-01
7, 2, 2.6567687566691558e-02, -2.3625121044550154e-02
7, 3, -4.3654647427946563e-01, -2.2757108587820607e-01
7, 4, 3.9054305655364043e-03, -3.3197987035029887e-02
7, 5, -5.2740403604951536e-01, 1.3260308818115862e-01
7, 6, -1.6332892837335217e-02, -2.3380094837364987e-02
7, 7, -4.1659135621772803e-01, 6.1208637571049229e-01
8, 0, -2.6116688247197056e-01, 0.0000000000000000e+00
8, 1, -1.1355312003205949e-02, -2.9858449106256676e-02
8, 2, -2.7983753442767567e-01, 2.4883419458824405e-01
8, 3, -2.7551510301930576e-02, -1.4362801100525985e-02
8, 4, -4.5859934110225556e-02, 3.8972131633612861e-01
8, 5, -2.8149479479889581e-02, 7.0772553662936371e-03
8, 6, 2.4973587950217938e-01, 3.5751725859587968e-01
8, 7, -1.3878870807348179e-02, 2.0391616970191571e-02
8, 8, 5.8013534232193731e-01, 1.3838608824391205e-01
9, 0, -1.8573739167586478e-02, 0.0000000000000000e+00
9, 1, 9.6726230233152466e-02, 2.5434878960697255e-01
9, 2, -1.9428921545494329e-02, 1.7276055994272531e-02
9, 3, 2.4677304627494689e-01, 1.2865625601954125e-01
9, 4, -2.9370863351576388e-03, 2.4955983390642266e-02
9, 5, 2.8448953872825683e-01, -7.1509759396733222e-02
9, 6, 1.3391907745938979e-02, 1.9172340798885832e-02
9, 7, 1.8420941460423276e-01, -2.7062399998471376e-01
9, 8, 1.9296080923292578e-02, 4.6030908670117877e-03
9, 9, -5.7897540695584788e-02, -4.4541343573891756e-01
10, 0, 1.2839945170589190e-01, 0.0000000000000000e+00
10, 1, 6.8662817155373552e-03, 1.8055914232649489e-02
10, 2, 1.3686956187495325e-01, -1.2169367676089891e-01
10, 3, 1.6850474170220290e-02, 8.7856641547056236e-03
10, 4, 2.2028324821394895e-02, -1.8705361279299643e-01
10, 5, 1.7753352262718281e-02, -4.4617623056526206e-03
10, 6, -1.1409529421971290e-01, -1.6337286160505063e-01
10, 7, 9.5754503584004509e-03, -1.4066310332232617e-02
10, 8, -2.1689422201567132e-01, -5.1753610171532953e-02
10, 9, -1.8616822729671052e-03, -1.4323588102666441e-02
10, 10, -2.7014667816686028e-01, 1.4502553427938270e-01
11, 0, 8.4119755768835378e-03, 0.0000000000000000e+00
11, 1, -3.6576413533211942e-02, -9.6193998452987775e-02
11, 2, 8.8390057954874056e-03, -7.8582335341479837e-03
11, 3, -9.2499820162090032e-02, -4.8241366493176820e-02
11, 4, 1.3584285522154908e-03, -1.1526541173733468e-02
11, 5, -1.0434667184005876e-01, 2.6206184999604046e-02
11, 6, -6.4030282940327104e-03, -9.1705296467076355e-03
11, 7, -6.4160968403938715e-02, 9.4219251417427929e-02
11, 8, -1.0144366686134301e-02, -2.4213910942686807e-03
11, 9, 1.6444244399914602e-02, 1.2659151744381822e-01
11, 10, -7.8457076155623393e-03, 4.2117453960440450e-03
11, 11, 1.3269043618981557e-01, 1.1514117212029616e-01
12, 0, -2.6087085798965706e-02, 0.0000000000000000e+00
12, 1, -1.5928877330462637e-03, -4.1904404343725389e-03
12, 2, -2.7682124775266465e-02, 2.4598427895195715e-02
12, 3, -3.9552976878675103e-03, -2.0642707661323932e-03
12, 4, -4.4078799290586364e-03, 3.7248455184575591e-02
12, 5, -4.2797596281027601e-03, 1.0728284137717081e-03
12, 6, 2.2034775929713792e-02, 3.1600136119834532e-02
12, 7, -2.4300120114948498e-03, 3.5650199302035375e-03
12, 8, 3.9462584117865913e-02, 9.4404395754558810e-03
12, 9, 5.2869289998897862e-04, 4.0774500684036732e-03
12, 10, 3.9792071729834073e-02, -2.1357074272489070e-02
12, 11, 2.7300151875662465e-03, 2.3689830384941201e-03
12, 12, 2.1306501668670035e-02, -5.8119381394022555e-02
13, 0, 1.6413931384672185e-03, 0.0000000000000000e+00
13, 1, -5.3007031675469819e-03, -1.3921804641398073e-02
13, 2, 1.7126037672521607e-03, -1.5247734685799579e-03
13, 3, -1.3525456116851063e-02, -7.0307820231994824e-03
13, 4, 2.5497457967131707e-04, -2.1911287595635250e-03
13, 5, -1.5463560263949374e-02, 3.9178825119698590e-03
13, 6, -1.1790447864051326e-03, -1.6814663933856892e-03
13, 7, -9.5829052989234789e-03, 1.4138657750856926e-02
13, 8, -1.7780193534862199e-03, -4.2102808043948937e-04
13, 9, 2.4469283226900042e-03, 1.8657565172773706e-02
13, 10, -1.3333231233979424e-03, 7.1680177711660380e-04
13, 11, 1.6491124083427740e-02, 1.4314486675538056e-02
13, 12, -3.7251553055705583e-04, 1.0165182757768680e-03
13, 13, 3.0801468056283653e-02, -3.8805389267119078e-04
14, 0, -3.6950926897152736e-02, 0.0000000000000000e+00
14, 1, -2.8584636617974119e-03, -7.5146864067718580e-03
14, 2, -3.9291874540859362e-02, 3.4951312998453797e-02
14, 3, -7.0391070346960457e-03, -3.6674723902552441e-03
14, 4, -6.2446596913238233e-03, 5.3244503760018214e-02
14, 5, -7.4883583174465878e-03, 1.8860093881951359e-03
14, 6, 3.1768646212255447e-02, 4.5425747857910974e-02
14, 7, -4.1466929483358070e-03, 6.0993391649890143e-03
14, 8, 5.6752295392233282e-02, 1.3505893389844819e-02
14, 9, 8.8739032197170044e-04, 6.8049837957373082e-03
14, 10, 5.5543544514330752e-02, -2.9834948554073797e-02
14, 11, 4.6177631881264055e-03, 4.0065371088638495e-03
14, 12, 2.4747603603212046e-02, -6.7492023501688911e-02
14, 13, 4.9168843116920210e-03, -5.9648217831219387e-05
14, 14, -3.6787332136650724e-02, -9.3241828165030238e-02
15, 0, -8.7378318625785673e-03, 0.0000000000000000e+00
15, 1, 2.7016794251043856e-02, 7.1033866957064304e-02
15, 2, -9.1884287135787258e-03, 8.1713809498009122e-03
15, 3, 6.8089013347176111e-02, 3.5485626947063621e-02
15, 4, -1.4131145499862831e-03, 1.2025382147881274e-02
15, 5, 7.6046549148684958e-02, -1.9138752905050158e-02
15, 6, 6.7462541984491193e-03, 9.6519124261776681e-03
15, 7, 4.5607460420610133e-02, -6.7058408006019615e-02
15, 8, 1.0962855696539450e-02, 2.6111779606144518e-03
15, 9, -1.1018126513965798e-02, -8.4548714449880463e-02
15, 10, 9.2820490175575029e-03, -4.9857497350053789e-03
15, 11, -6.9496703645410968e-02, -6.0294534690790068e-02
15, 12, 3.2570600885922143e-03, -8.8861344843565084e-03
15, 13, -1.0473154542278859e-01, 1.2488438656215381e-03
15, 14, -2.8276885862883912e-03, -7.1723820564985399e-03
15, 15, -1.0783356335974661e-01, 9.8303167130256414e-02
16, 0, 6.1578134099258747e-02, 0.0000000000000000e+00
16, 1, 5.3361137964254611e-03, 1.4031685980485140e-02
16, 2, 6.5361367563349371e-02, -5.8119977206290668e-02
16, 3, 1.3201168470597683e-02, 6.8818895710748319e-03
16, 4, 1.0352699898015169e-02, -8.8025318652092011e-02
16, 5, 1.4184969796639984e-02, -3.5676205812918810e-03
16, 6, -5.1946788593972004e-02, -7.4337252559991115e-02
16, 7, 7.9920028700845771e-03, -1.1747481587364012e-02
16, 8, -9.1319278051640945e-02, -2.1756909868685521e-02
16, 9, -1.7562658928558092e-03, -1.3481798510421056e-02
16, 10, -8.6973479095183839e-02, 4.6718375569736612e-02
16, 11, -9.6129010081500155e-03, -8.3387583435418720e-03
16, 12, -3.6659317480813219e-02, 1.0002682043608249e-01
16, 13, -1.1460381859103750e-02, 1.3767570434487721e-04
16, 14, 4.4448782044771477e-02, 1.1282917596698640e-01
16, 15, -6.9319734847518698e-03, 6.3160083435457020e-03
16, 16, 1.5077758909890790e-01, 7.6241212761217120e-02
17, 0, 1.1320208058645401e-02, 0.0000000000000000e+00
17, 1, -3.1185102407677134e-02, -8.2011790918187832e-02
17, 2, 1.1922442039043055e-02, -1.0599868885471151e-02
17, 3, -7.8397390392593302e-02, -4.0878256044992393e-02
17, 4, 1.8452712763433307e-03, -1.5671554892436813e-02
17, 5, -8.7096485707382418e-02, 2.1894944658331455e-02
17, 6, -8.8620068744260094e-03, -1.2685598223201823e-02
17, 7, -5.1773316523387611e-02, 7.6087587827077613e-02
17, 8, -1.4603534306110650e-02, -3.4806210416052845e-03
17, 9, 1.2315472555931822e-02, 9.4550785535065907e-02
17, 10, -1.2647133192203128e-02, 6.7938669562702479e-03
17, 11, 7.5788425450466435e-02, 6.5735589435289260e-02
17, 12, -4.6234334238623286e-03, 1.2619796663750306e-02
17, 13, 1.0828207412755868e-01, -1.3030319468147465e-03
17, 14, 4.4424094594057344e-03, 1.1274689051617506e-02
17, 15, 9.1173664415306749e-02, -8.3016312388981092e-02
17, 16, 8.8660387653415589e-03, 4.4866089948297347e-03
17, 17, 1.7959569702673692e-02, -1.7089548459243983e-01
18, 0, -5.6462842732880478e-02, 0.0000000000000000e+00
18, 1, -5.4676111886851689e-03, -1.4381177685897114e-02
18, 2, -5.9882918805532266e-02, 5.3230324098247850e-02
18, 3, -1.3558062586002716e-02, -7.0718883383473858e-03
18, 4, -9.4775204765045785e-03, 8.0388907870097767e-02
18, 5, -1.4640189079731577e-02, 3.6775904553918138e-03
18, 6, 4.7162007705386845e-02, 6.7531338897567170e-02
18, 7, -8.3160457250101693e-03, 1.2217678281759252e-02
18, 8, 8.2203107709823572e-02, 1.9599109288622844e-02
18, 9, 1.8490779404268642e-03, 1.4200854542801544e-02
18, 10, 7.7177961066083725e-02, -4.1461732956873720e-02
18, 11, 1.0338492566507828e-02, 8.9655612503968564e-03
18, 12, 3.1713863672802732e-02, -8.6589799518643637e-02
18, 13, 1.2808505763704344e-02, -1.5608021211460866e-04
18, 14, -3.6499768251627582e-02, -9.2635984571649219e-02
18, 15, 8.5452692666430387e-03, -7.7810440104607052e-03
18, 16, -1.0117487114556482e-01, -5.1255772751615254e-02
18, 17, 9.9544007115354876e-04, -9.4362853518325466e-03
18, 18, -1.5282039681556536e-01, 4.0451027319105416e-02
19, 0, -9.4866271047306574e-03, 0.0000000000000000e+00
19, 1, 2.3497642979427125e-02, 6.1818497787332997e-02
19, 2, -1.0002692521386917e-02, 8.8888276093703547e-03
19, 3, 5.8988973039133322e-02, 3.0783407110901974e-02
19, 4, -1.5573853890033307e-03, 1.3182161327163268e-02
19, 5, 6.5332437055244122e-02, -1.6394394358423613e-02
19, 6, 7.4877698337137777e-03, 1.0727488457436218e-02
19, 7, 3.8629097096614336e-02, -5.6729041458185747e-02
19, 8, 1.2441758855311204e-02, 2.9684197897184355e-03
19, 9, -9.0939102039767784e-03, -6.9871803447990849e-02
19, 10, 1.0905629776564681e-02, -5.8590173849937038e-03
19, 11, -5.5205142149215430e-02, -4.7864350055777528e-02
19, 12, 4.0633706504080358e-03, -1.1100536574886135e-02
19, 13, -7.6906307572242122e-02, 9.4894788380521739e-04
19, 14, -4.0576245795822261e-03, -1.0292372297649925e-02
19, 15, -6.1416983736480940e-02, 5.5918897653593959e-02
19, 16, -8.9094117865620697e-03, -4.5140863946062856e-03
19, 17, -9.9884688166980151e-03, 9.4120450399000494e-02
19, 18, -7.9366799008144615e-03, 2.0963271745449139e-03
19, 19, 7.6889675221517684e-02, 1.0719078148358313e-01
20, 0, 3.4491752134874321e-02, 0.0000000000000000e+00
20, 1, 3.6896700593851469e-03, 9.7108042781137906e-03
20, 2, 3.6571966464157932e-02, -3.2482902770370803e-02
20, 3, 9.1675460116376357e-03, 4.7882142473297832e-03
20, 4, 5.8071442856388010e-03, -4.8978326492371146e-02
20, 5, 9.9382507410968827e-03, -2.4891119079740050e-03
20, 6, -2.8601446489840601e-02, -4.1013495831147675e-02
20, 7, 5.6792277656821473e-03, -8.3334797915883101e-03
20, 8, -4.9585615496855542e-02, -1.1844131029479147e-02
20, 9, -1.2695599612424283e-03, -9.7657214934177995e-03
20, 10, -4.6104027269621914e-02, 2.4769946416708981e-02
20, 11, -7.1943407784977433e-03, -6.2358170149392602e-03
20, 12, -1.8634336921252572e-02, 5.0945588678463001e-02
20, 13, -9.0836042456374933e-03, 1.1514140701035733e-04
20, 14, 2.0946330110623888e-02, 5.3092913373138588e-02
20, 15, -6.2857151343751957e-03, 5.7257604321711859e-03
20, 16, 5.4973122134290842e-02, 2.7863740741365859e-02
20, 17, -8.1236842898278565e-04, 7.6406869579028879e-03
20, 18, 6.7939782065497348e-02, -1.7875844564531836e-02
20, 19, 3.6819230582720830e-03, 5.1410643721358073e-03
20, 20, 5.4037881627949501e-02, -8.1584888874114719e-02
21, 0, 4.7531545076247442e-03, 0.0000000000000000e+00
21, 1, -1.0723696329355202e-02, -2.8248126347022642e-02
21, 2, 5.0202903269205845e-03, -4.4540153368183557e-03
21, 3, -2.6910276151013664e-02, -1.4081606750062011e-02
21, 4, 7.9217213217159480e-04, -6.6290804319060091e-03
21, 5, -2.9763837613349609e-02, 7.4234855247692902e-03
21, 6, -3.7751496509515372e-03, -5.4245710723651239e-03
21, 7, -1.7545153913139634e-02, 2.5699031653154104e-02
21, 8, -6.3206912625560843e-03, -1.5140443020102336e-03
21, 9, 4.0764853879258784e-03, 3.1443305859277376e-02
21, 10, -5.5844473716607050e-03, 2.9999159781805597e-03
21, 11, 2.4561386965919280e-02, 2.1277710231352755e-02
21, 12, -2.0997399563712753e-03, 5.7497128524418425e-03
21, 13, 3.3607340666038411e-02, -4.4770203546137696e-04
21, 14, 2.1459172154252425e-03, 5.4282738443337869e-03
21, 15, 2.6084494131961330e-02, -2.3781209122815311e-02
21, 16, 4.8773596507318976e-03, 2.4705869882753070e-03
21, 17, 4.0453281604523736e-03, -3.7868957202848469e-02
21, 18, 4.7906987174312667e-03, -1.2573509195692081e-03
21, 19, -2.5221266546529505e-02, -3.5342950907352351e-02
21, 20, 2.2606038026326803e-03, -3.4041608071298793e-03
21, 21, -5.8889781571668659e-02, -1.3253203660910075e-02
22, 0, -8.6892748130098733e-03, 0.0000000000000000e+00
22, 1, -9.9730128427364751e-04, -2.6356256045717845e-03
22, 2, -9.2341828085540888e-03, 8.1593025444917817e-03
22, 3, -2.4914488976255063e-03, -1.3128677275598397e-03
22, 4, -1.5148516067307702e-03, 1.2323068281248021e-02
22, 5, -2.7263631499769183e-03, 6.6929081876043804e-04
22, 6, 7.1303533239212890e-03, 1.0324222078086694e-02
22, 7, -1.5766987804300054e-03, 2.2936651354766580e-03
22, 8, 1.2339267255359715e-02, 2.9876094304738146e-03
22, 9, 3.4787249863834616e-04, 2.7148456715536222e-03
22, 10, 1.1328775109055333e-02, -6.0808108636150665e-03
22, 11, 2.0156092320458684e-03, 1.7434783111921278e-03
22, 12, 4.4579389388877295e-03, -1.2274850203140460e-02
22, 13, 2.5677535599359837e-03, -4.0177973979221736e-05
22, 14, -4.9468710511013465e-03, -1.2421827450662604e-02
22, 15, 1.8060106639152592e-03, -1.6533424435232445e-03
22, 16, -1.2425258900987978e-02, -6.2800831106814524e-03
22, 17, 2.4515630403556317e-04, -2.2903518625938379e-03
22, 18, -1.4476327168333908e-02, 3.7606660542107307e-03
22, 19, -1.2194111869996826e-03, -1.7187021408990248e-03
22, 20, -9.4986277545915810e-03, 1.4156232313810324e-02
22, 21, -1.7103200732135489e-03, -3.8954982874820818e-04
22, 22, 3.3432963027288203e-03, 2.3242051919768646e-02
23, 0, 6.4824917053397609e-04, 0.0000000000000000e+00
23, 1, -1.2253560736852622e-03, -3.1611088539527641e-03
23, 2, 6.7272156655825196e-04, -6.1170022974457857e-04
23, 3, -3.0333456857306565e-03, -1.5152663701562977e-03
23, 4, 8.7063337730503113e-05, -8.8502688804686870e-04
23, 5, -3.2886086637740940e-03, 9.0638851688520363e-04
23, 6, -5.0913219136804948e-04, -6.9728099806727877e-04
23, 7, -1.9018322774944922e-03, 2.9175806421234862e-03
23, 8, -8.1843023080344210e-04, -1.8221987133813694e-04
23, 9, 5.0348157799486200e-04, 3.5998425003590812e-03
23, 10, -7.1978009459120493e-04, 3.8937345760912560e-04
23, 11, 2.9249564014666636e-03, 2.5553503772621691e-03
23, 12, -2.8245191536331295e-04, 7.4951871724195616e-04
23, 13, 4.2263029483109310e-03, -9.3423243118919849e-08
23, 14, 2.7502687959677507e-04, 7.2804706419053559e-04
23, 15, 3.4656241048521804e-03, -3.0883802346909333e-03
23, 16, 6.5615105128683795e-04, 3.3853402922378494e-04
23, 17, 5.3709639438195172e-04, -5.0818749649312860e-03
23, 18, 6.4572631450915093e-04, -1.7597514712065771e-04
23, 19, -3.3457149720012452e-03, -4.5459322767012113e-03
23, 20, 3.0304551143653288e-04, -4.7701556190259565e-04
23, 21, -6.3146552090700293e-03, -1.3312081884772739e-03
23, 22, -6.4950618722428279e-05, -4.3185485658665801e-04
23, 23, -8.2479695834150810e-03, 4.5269021660532044e-03
24, 0, -1.1141352834651766e-02, 0.0000000000000000e+00
24, 1, -1.4733212199225321e-03, -3.8584441424873968e-03
24, 2, -1.1760518941716674e-02, 1.0514582506802945e-02
24, 3, -3.6460375285783564e-03, -1.8836662317006406e-03
24, 4, -1.7784116507491249e-03, 1.5744767753751318e-02
24, 5, -3.9287555919152095e-03, 1.0086188083189573e-03
24, 6, 9.2277297218352847e-03, 1.3064800033777538e-02
24, 7, -2.2316873779746308e-03, 3.3124036045113583e-03
24, 8, 1.5835263736316083e-02, 3.7106153654146985e-03
24, 9, 5.1647768524724523e-04, 3.8885103465326047e-03
24, 10, 1.4691248422551591e-02, -7.9121814280685657e-03
24, 11, 2.9010329387033993e-03, 2.5183531200820846e-03
24, 12, 5.9752090225035949e-03, -1.6218349269619535e-02
24, 13, 3.7434060642229307e-03, -3.4591272077135318e-05
24, 14, -6.5686882268243653e-03, -1.6835844563843388e-02
24, 15, 2.6806860127696298e-03, -2.4247873057572479e-03
24, 16, -1.6994684355599393e-02, -8.6604419861788205e-03
24, 17, 3.6569406178011142e-04, -3.4163819600734630e-03
24, 18, -1.9684619122275621e-02, 5.2073217831585111e-03
24, 19, -1.8595271882963804e-03, -2.5835305701467810e-03
24, 20, -1.2180266848046951e-02, 1.8506339329509090e-02
24, 21, -2.7569834366027628e-03, -6.1081112598073892e-04
24, 22, 3.6473806655802272e-03, 2.5026491132521759e-02
24, 23, -2.0018858798377445e-03, 1.1099081827693408e-03
24, 24, 2.7304872621884631e-02, 2.3141344457326830e-02
25, 0, -4.6419959713434817e-03, 0.0000000000000000e+00
25, 1, 8.6258383494303113e-03, 2.2622097634574470e-02
25, 2, -4.8857317949740292e-03, 4.3588756498436458e-03
25, 3, 2.1550174889462297e-02, 1.1168258940035841e-02
25, 4, -7.4065431213751905e-04, 6.4561417246543767e-03
25, 5, 2.3661145836294785e-02, -6.0329888968487927e-03
25, 6, 3.6967267083392332e-03, 5.2539744057946763e-03
25, 7, 1.3822824850560977e-02, -2.0454056199028146e-02
25, 8, 6.1625588169383089e-03, 1.4515803926055692e-03
25, 9, -3.2919435535329585e-03, -2.4902100379156775e-02
25, 10, 5.4783081670440412e-03, -2.9499391798345183e-03
25, 11, -1.9450320780387612e-02, -1.6870021642060026e-02
25, 12, 2.1009987319605058e-03, -5.7185790093137751e-03
25, 13, -2.6595058047611711e-02, 2.7568891691717040e-04
25, 14, -2.1617303997597810e-03, -5.5223532281879440e-03
25, 15, -2.0522000754544061e-02, 1.8597260650954846e-02
25, 16, -5.0959882222576282e-03, -2.5949686039438242e-03
25, 17, -3.1053530890938564e-03, 2.8934424253088002e-02
25, 18, -5.2546063747798671e-03, 1.3838145365611908e-03
25, 19, 1.8039512091488175e-02, 2.5152712149865655e-02
25, 20, -2.7806406209092568e-03, 4.2072571190460350e-03
25, 21, 3.2808982266771453e-02, 7.3297340129209665e-03
25, 22, 6.4418689772744776e-04, 4.4478063645652837e-03
25, 23, 3.3545771942483670e-02, -1.8616946243451383e-02
25, 24, 2.7946912683368802e-03, 2.3625902833972414e-03
25, 25, 1.8010748673309207e-02, -5.1032963654258662e-02
26, 0, 2.0214909761082485e-02, 0.0000000000000000e+00
26, 1, 2.8623628547648685e-03, 7.5119845138526022e-03
26, 2, 2.1361584248986053e-02, -1.9044842673246219e-02
26, 3, 7.1019779805424820e-03, 3.6859596265091154e-03
26, 4, 3.2895429151102600e-03, -2.8533000769169838e-02
26, 5, 7.6875994474495416e-03, -1.9541326646759015e-03
26, 6, -1.6634712323075663e-02, -2.3670109374082773e-02
26, 7, 4.3923606193099936e-03, -6.4915901261379076e-03
26, 8, -2.8503605880360956e-02, -6.7235123214922773e-03
26, 9, -1.0111396650932800e-03, -7.6580141336809772e-03
26, 10, -2.6258804765737758e-02, 1.4142006290289002e-02
26, 11, -5.7360155565251373e-03, -4.9721279848826969e-03
26, 12, -1.0532971901293141e-02, 2.8703804015387597e-02
26, 13, -7.4292660627751977e-03, 8.0757209084445015e-05
26, 14, 1.1516618527761344e-02, 2.9383873908011386e-02
26, 15, -5.3532746642077677e-03, 4.8539208288011270e-03
26, 16, 2.9242981847383061e-02, 1.4889986731652391e-02
26, 17, -7.4512255735492271e-04, 6.9216255189010730e-03
26, 18, 3.3293428378729097e-02, -8.7456167984938816e-03
26, 19, 3.8481862985953220e-03, 5.3758840791344777e-03
26, 20, 2.0192028761933361e-02, -3.0482757355555192e-02
26, 21, 5.9891324676279670e-03, 1.3436150415064348e-03
26, 22, -5.6637925941221958e-03, -3.9275696802530180e-02
26, 23, 4.7890758470565788e-03, -2.6576331821077173e-03
26, 24, -3.4583015945308486e-02, -2.9213852322147772e-02
26, 25, 1.4843695125837887e-03, -4.2134267766381333e-03
26, 26, -6.3788177123117781e-02, 1.5517847645463354e-03
27, 0, 6.0194800231389463e-03, 0.0000000000000000e+00
27, 1, -1.0384712369333341e-02, -2.7262240349191533e-02
27, 2, 6.3414354158776711e-03, -5.6505478985639755e-03
27, 3, -2.5937399917981333e-02, -1.3470399878052819e-02
27, 4, 9.7011285787815932e-04, -8.3832151011054793e-03
27, 5, -2.8454223553352448e-02, 7.2237490875611847e-03
27, 6, -4.8022953455143262e-03, -6.8388340538803223e-03
27, 7, -1.6592825198215384e-02, 2.4513255131194855e-02
27, 8, -8.0325627280687529e-03, -1.8959693908974112e-03
27, 9, 3.9277490640961706e-03, 2.9739815767878167e-02
27, 10, -7.1596621356831494e-03, 3.8573561911321923e-03
27, 11, 2.3109916956267428e-02, 2.0022829786061382e-02
27, 12, -2.7502329263126360e-03, 7.5026728221708385e-03
27, 13, 3.1355783494913289e-02, -3.4943741053056481e-04
27, 14, 2.8545251448528872e-03, 7.2775841448204301e-03
27, 15, 2.3969118359711477e-02, -2.1735992278727370e-02
27, 16, 6.7697526189950787e-03, 3.4479711538971804e-03
27, 17, 3.6098422715776855e-03, -3.3421054883202371e-02
27, 18, 7.0738467610481585e-03, -1.8538288298316540e-03
27, 19, -2.0483371347756591e-02, -2.8659892986583630e-02
27, 20, 3.8374927141450019e-03, -5.7834259922548278e-03
27, 21, -3.6476823800698908e-02, -8.2113873543049835e-03
27, 22, -9.1692840676571542e-04, -6.3779106770284278e-03
27, 23, -3.5465844892985716e-02, 1.9673144993941238e-02
27, 24, -4.3945534125046214e-03, -3.7101347516033836e-03
27, 25, -1.5358891821664807e-02, 4.3616008160703344e-02
27, 26, -4.6935830321342097e-03, 1.1464600547285986e-04
27, 27, 2.4652852909455479e-02, 6.0337293407993355e-02
28, 0, -1.8750558799374942e-02, 0.0000000000000000e+00
28, 1, -2.8527631797619899e-03, -7.4921324869512314e-03
28, 2, -1.9812841298916053e-02, 1.7648289909310628e-02
28, 3, -7.0821237259825606e-03, -3.6809893341475564e-03
28, 4, -3.0631866379607357e-03, 2.6415725701225804e-02
28, 5, -7.6741789221180679e-03, 1.9454427019800875e-03
28, 6, 1.5355706143769897e-02, 2.1875030897256401e-02
28, 7, -4.3909701382807030e-03, 6.4845817228465150e-03
28, 8, 2.6251708660891111e-02, 6.1954221696670338e-03
28, 9, 1.0131338653093886e-03, 7.6648179309752196e-03
28, 10, 2.4086412317083018e-02, -1.2983810211017107e-02
28, 11, 5.7590123976160850e-03, 4.9864890393526845e-03
28, 12, 9.6002482142541184e-03, -2.6212122425119538e-02
28, 13, 7.4832770480941042e-03, -8.5666865983120990e-05
28, 14, -1.0459066123654366e-02, -2.6657137739673330e-02
28, 15, 5.4205267365502394e-03, -4.9155787295119885e-03
28, 16, -2.6316363622639578e-02, -1.3412401983669581e-02
28, 17, 7.6615716971087215e-04, -7.0638040411385343e-03
28, 18, -2.9664588408639947e-02, 7.7530039401357657e-03
28, 19, -3.9689313327149148e-03, -5.5622653402440199e-03
28, 20, -1.7771792429899302e-02, 2.6736863644679625e-02
28, 21, -6.3228459969147371e-03, -1.4277079332491878e-03
28, 22, 4.8303355809865903e-03, 3.3711858917261965e-02
28, 23, -5.2613706295677083e-03, 2.9180687048688111e-03
28, 24, 2.8213922832355069e-02, 2.3813953376756906e-02
28, 25, -1.7807479487173886e-03, 5.0645570493928005e-03
28, 26, 4.2037115943687427e-02, -1.0173952215024339e-03
28, 27, 1.6570118179001678e-03, 4.0599534563135285e-03
28, 28, 4.3337542035174960e-02, -4.0491064046066401e-02
29, 0, -4.7460527116404416e-03, 0.0000000000000000e+00
29, 1, 7.6259189975990916e-03, 2.0035118446835521e-02
29, 2, -5.0013108256810488e-03, 4.4521085238694337e-03
29, 3, 1.9029148058118551e-02, 9.8974978845043707e-03
29, 4, -7.6904137796552448e-04, 6.6063113621723790e-03
29, 5, 2.0836965191726543e-02, -5.2765564876442661e-03
29, 6, 3.7819804479064670e-03, 5.3911367241342061e-03
29, 7, 1.2116197149166589e-02, -1.7891817038880927e-02
29, 8, 6.3342338944077960e-03, 1.4946832045310636e-03
29, 9, -2.8651300809170326e-03, -2.1634798749006555e-02
29, 10, 5.6535634684540658e-03, -3.0501792306596542e-03
29, 11, -1.6759416202232025e-02, -1.4499783246872438e-02
29, 12, 2.1743280222717770e-03, -5.9449190938616701e-03
29, 13, -2.2623204357731380e-02, 2.6453573002682180e-04
29, 14, -2.2720372608465524e-03, -5.7878595354124178e-03
29, 15, -1.7195894219617831e-02, 1.5587914735111600e-02
29, 16, -5.4119997318866665e-03, -2.7608515403483003e-03
29, 17, -2.5969768283090832e-03, 2.3780507501944128e-02
29, 18, -5.7026890224499902e-03, 1.4850203362586393e-03
29, 19, 1.4385207196740062e-02, 2.0204741150197943e-02
29, 20, -3.1385956381436769e-03, 4.7118863939760143e-03
29, 21, 2.5302727653103867e-02, 5.7353670211701844e-03
29, 22, 7.5898744776451376e-04, 5.3143024821174605e-03
29, 23, 2.4057170682520793e-02, -1.3339040993505661e-02
29, 24, 3.8081462308287182e-03, 3.2118121131350947e-03
29, 25, 9.8723452005780241e-03, -2.8115228896197383e-02
29, 26, 4.4399797855452635e-03, -1.1010735420809025e-04
29, 27, -1.2770111057375770e-02, -3.1365728831221205e-02
29, 28, 2.6548287793362359e-03, -2.4751680438511504e-03
29, 29, -4.2952644143892785e-02, -2.1052105853319691e-02
30, 0, 1.0491192753162633e-02, 0.0000000000000000e+00
30, 1, 1.7043750059246520e-03, 4.4819488725214695e-03
30, 2, 1.1080900045868546e-02, -9.8551695025487027e-03
30, 3, 4.2289257512857156e-03, 2.2035432834120231e-03
30, 4, 1.7223568243778017e-03, -1.4717925179897073e-02
30, 5, 4.5785347677442783e-03, -1.1558874906310913e-03
30, 6, -8.5139958555366640e-03, -1.2145537895002195e-02
30, 7, 2.6171469296361167e-03, -3.8625829900940595e-03
30, 8, -1.4507968949798765e-02, -3.4206700783468553e-03
30, 9, -6.0664524333685170e-04, -4.5671294068851754e-03
30, 10, -1.3252454707360053e-02, 7.1606291829834330e-03
30, 11, -3.4422106867263479e-03, -2.9734626753191527e-03
30, 12, -5.2503558541838816e-03, 1.4383156847102216e-02
30, 13, -4.4841770088888929e-03, 5.4945398395021932e-05
30, 14, 5.7154105133171767e-03, 1.4557814141691052e-02
30, 15, -3.2640387129271790e-03, 2.9574103315545166e-03
30, 16, 1.4274960309569268e-02, 7.2983801690691850e-03
30, 17, -4.7186437599939753e-04, 4.2729599146816332e-03
30, 18, 1.5967108068917490e-02, -4.1295092919657189e-03
30, 19, 2.4083532008178235e-03, 3.3949355087242875e-03
30, 20, 9.4808587724023365e-03, -1.4181930541624184e-02
30, 21, 3.8938003818411835e-03, 8.8771647148712482e-04
30, 22, -2.5065779232448862e-03, -1.7638786948333495e-02
30, 23, 3.3112379274583778e-03, -1.8361545789131563e-03
30, 24, -1.4439163745656158e-02, -1.2162476619892174e-02
30, 25, 1.1604636378659508e-03, -3.3168660804738263e-03
30, 26, -2.0414977843766887e-02, 5.2265438569805910e-04
30, 27, -1.1806411857612567e-03, -2.8951241963746464e-03
30, 28, -1.6930589628596983e-02, 1.5713450821362593e-02
30, 29, -2.2934225236120129e-03, -1.1306304334153998e-03
30, 30, -3.0040184005619675e-03, 3.2586937126686699e-02
31, 0, 1.7960933587249808e-03, 0.0000000000000000e+00
31, 1, -2.7096623461228498e-03, -7.1419957849145231e-03
31, 2, 1.8923449627848050e-03, -1.6774915687449864e-03
31, 3, -6.7378304324677233e-03, -3.5266197514606558e-03
31, 4, 2.9619292838019116e-04, -2.4811918840980840e-03
31, 5, -7.3313255716615858e-03, 1.8370011132120398e-03
31, 6, -1.4084208145348802e-03, -2.0160766116574377e-03
31, 7, -4.2272474069858139e-03, 6.2314126364166455e-03
31, 8, -2.3560983260692411e-03, -5.5529645420234830e-04
31, 9, 1.0020812960166018e-03, 7.4834880183780291e-03
31, 10, -2.0998264767650727e-03, 1.1391351107378675e-03
31, 11, 5.7851272975753317e-03, 4.9781729902941716e-03
31, 12, -8.0583562725238000e-04, 2.2210463569407243e-03
31, 13, 7.7663351401868110e-03, -1.0400861189677547e-04
31, 14, 8.5395848834167465e-04, 2.1720552891033229e-03
31, 15, 5.8830076099831820e-03, -5.3186412954077016e-03
31, 16, 2.0385591045895793e-03, 1.0476354509935558e-03
31, 17, 9.1849349388762659e-04, -8.0486593113981049e-03
31, 18, 2.1616614391895411e-03, -5.4937376209023285e-04
31, 19, -4.7571303038927929e-03, -6.7745708521292254e-03
31, 20, 1.2025100680927441e-03, -1.7824774067593393e-03
31, 21, -8.2824180055433207e-03, -1.9170271752896872e-03
31, 22, -2.8629675650486571e-04, -2.0377465439802844e-03
31, 23, -7.7310924591709176e-03, 4.2906398057660031e-03
31, 24, -1.4963705777012279e-03, -1.2552985703543481e-03
31, 25, -3.0636502773934071e-03, 8.8474037977423706e-03
31, 26, -1.8145855787195420e-03, 5.2186350122710018e-05
31, 27, 3.8211693132164655e-03, 9.3355475841884611e-03
31, 28, -1.1773486122077124e-03, 1.0915733348953109e-03
31, 29, 1.0038579594366779e-02, 5.0392058883818877e-03
31, 30, -1.2819676057712666e-04, 1.3087741076483271e-03
31, 31, 1.5469188192626085e-02, -4.3239493590975352e-03
32, 0, -4.9819771673237400e-04, 0.0000000000000000e+00
32, 1, -6.9569296843262208e-05, -1.9543515335665438e-04
32, 2, -5.2116662294872352e-04, 4.3308591863848407e-04
32, 3, -1.6391333525516723e-04, -9.7487674220762835e-05
32, 4, -1.0236021342865831e-04, 5.9816141272712249e-04
32, 5, -1.6133618877625609e-04, 2.9726031510573803e-05
32, 6, 2.7910826274418912e-04, 4.3722890108807320e-04
32, 7, -8.1244936362205434e-05, 1.1208869037676338e-04
32, 8, 4.3393727685269253e-04, 1.0164544024489461e-04
32, 9, 2.0350431709376665e-05, 1.2228068112787819e-04
32, 10, 3.4971819733417575e-04, -2.1399745404144800e-04
32, 11, 9.9189536023068829e-05, 7.3949589705005848e-05
32, 12, 1.1620379599327024e-04, -3.9288751061350609e-04
32, 13, 1.3190841931890748e-04, -7.6881025793601943e-06
32, 14, -1.5787565240908940e-04, -3.9056241022184717e-04
32, 15, 1.0576496357563772e-04, -9.0941495719619483e-05
32, 16, -3.5137544959676901e-04, -2.1731771066748836e-04
32, 17, 2.9428846471955307e-05, -1.3380026084239364e-04
32, 18, -3.5909570713151798e-04, 2.5455662528579144e-05
32, 19, -5.3958758171111288e-05, -1.0902918016610139e-04
32, 20, -1.9351404892825396e-04, 1.7211979648292460e-04
32, 21, -9.4188662385370444e-05, -3.4348243317505505e-05
32, 22, -2.9372011083872078e-06, 1.4411638429783941e-04
32, 23, -7.6268498774119658e-05, 4.4075005167758461e-05
32, 24, 8.9295282701125142e-05, 2.6964384175067804e-05
32, 25, -1.9192976597118629e-05, 9.0208754879018724e-05
32, 26, 8.6782845989165911e-05, -6.0112383014793611e-05
32, 27, 4.1054647576925802e-05, 8.3048403197839924e-05
32, 28, 2.4020001516694367e-05, -6.2713200321081104e-06
32, 29, 5.2370261412358023e-05, 3.6594900160355247e-05
32, 30, 9.7377313095641074e-05, 3.4047895648323139e-04
32, 31, 5.5096974006406503e-05, -7.1262844482292090e-06
32, 32, 8.2185340296424381e-05, 1.6594375219920371e-04
33, 0, 1.3675691429064641e-03, 0.0000000000000000e+00
33, 1, -1.8971790564248246e-03, -4.9372644028575011e-03
33, 2, 1.4422797890708231e-03, -1.2993304969829715e-03
33, 3, -4.7690456534300943e-03, -2.4344523804920646e-03
33, 4, 2.1004690028994505e-04, -1.9474803741309163e-03
33, 5, -5.2870892318825427e-03, 1.3821800467585948e-03
33, 6, -1.1450907606537933e-03, -1.6107839574128870e-03
33, 7, -3.1174296822906685e-03, 4.6389731852236370e-03
33, 8, -1.9297560477413299e-03, -4.5350807946861651e-04
33, 9, 7.3705717155106573e-04, 5.6523659115140729e-03
33, 10, -1.7371411099479440e-03, 9.2796022474970390e-04
33, 11, 4.3569188842278858e-03, 3.8100778107197091e-03
33, 12, -6.7560641518081262e-04, 1.8166549222238327e-03
33, 13, 5.8661607273715732e-03, -4.6610636577079253e-05
33, 14, 6.9056995418849323e-04, 1.7666570738523704e-03
33, 15, 4.4141993090647180e-03, -4.0210172521055179e-03
33, 16, 1.6590228614394894e-03, 8.3398871780346502e-04
33, 17, 6.0831296651328516e-04, -6.1135196718060184e-03
33, 18, 1.7612486917764254e-03, -4.8094133072371851e-04
33, 19, -3.7825476238755565e-03, -5.1748608095580975e-03
33, 20, 9.8087633400061481e-04, -1.5094245262237493e-03
33, 21, -6.6053643993389671e-03, -1.4420818039704839e-03
33, 22, -2.5582949988112803e-04, -1.7459990856674510e-03
33, 23, -6.2623482386188929e-03, 3.4587051348168897e-03
33, 24, -1.2920085860226615e-03, -1.1035356593532065e-03
33, 25, -2.5637400793990079e-03, 7.0977274251733434e-03
33, 26, -1.5939970048344560e-03, 2.4265124693829676e-05
33, 27, 2.9633663104792650e-03, 7.4120183393883926e-03
33, 28, -1.0739414328621616e-03, 9.9643148561769849e-04
33, 29, 7.8506827561124030e-03, 3.8177217068201081e-03
33, 30, -1.0981900871340748e-04, 1.3263922498005848e-03
33, 31, 9.9714778308995864e-03, -2.9211299529147321e-03
33, 32, 6.4970074460397474e-04, 8.6851937989621897e-04
33, 33, 7.7968630570552878e-03, -1.2017051335285784e-02
34, 0, -6.9361352400873592e-03, 0.0000000000000000e+00
34, 1, -1.3146495701389133e-03, -3.4317967372357551e-03
34, 2, -7.3289615151722505e-03, 6.5766951631738135e-03
34, 3, -3.2787890639135670e-03, -1.6835641042060564e-03
34, 4, -1.0932382267302098e-03, 9.8902944452957768e-03
34, 5, -3.5810967936098785e-03, 9.2801669904663789e-04
34, 6, 5.8336452768439065e-03, 8.2355406016883202e-03
34, 7, -2.0673873789508138e-03, 3.0730161444578407e-03
34, 8, 9.9707297864026299e-03, 2.3401828698524133e-03
34, 9, 4.8198574920031820e-04, 3.6564118620615901e-03
34, 10, 9.1442141168610134e-03, -4.9084651132080652e-03
34, 11, 2.7516572977700541e-03, 2.3953101340098673e-03
34, 12, 3.6392685509174750e-03, -9.8537203190848834e-03
34, 13, 3.5884489062835332e-03, -3.2924804795406395e-05
34, 14, -3.8806424793390803e-03, -9.9143930441014071e-03
34, 15, 2.6061293311142159e-03, -2.3668679160434359e-03
34, 16, -9.6813853298570937e-03, -4.8992287124052843e-03
34, 17, 3.5725591018880790e-04, -3.4370959669888868e-03
34, 18, -1.0779674876242587e-02, 2.8838866370379862e-03
34, 19, -1.9905602931111553e-03, -2.7541867740850132e-03
34, 20, -6.3653671754077389e-03, 9.6887274816526703e-03
34, 21, -3.2600741991639752e-03, -7.2321402565305977e-04
34, 22, 1.7371310121831280e-03, 1.2010458670230310e-02
34, 23, -2.8503322782705721e-03, 1.5763089383447418e-03
34, 24, 9.7064458173154854e-03, 8.2521684470094510e-03
34, 25, -1.0521711132091274e-03, 2.9442410948638245e-03
34, 26, 1.3373010995003409e-02, -2.5206731103467027e-04
34, 27, 1.0950849194254575e-03, 2.7244683108782427e-03
34, 28, 1.0365870364148320e-02, -9.6017154152855614e-03
34, 29, 2.4248911724883745e-03, 1.1925732044112409e-03
34, 30, 1.3764657726447129e-03, -1.5324980082219108e-02
34, 31, 2.3452658020733106e-03, -6.6796580216017636e-04
34, 32, -1.0823214280539933e-02, -1.4447478610673010e-02
34, 33, 1.0721997065049338e-03, -1.6777775862707198e-03
34, 34, -2.4546867294530907e-02, -5.2606787671650428e-03
35, 0, -3.4303920398706393e-03, 0.0000000000000000e+00
35, 1, 4.5083529643529744e-03, 1.1775615166470674e-02
35, 2, -3.6155074518646798e-03, 3.2425739276589283e-03
35, 3, 1.1282266670634264e-02, 5.7991710196925320e-03
35, 4, -5.3616637692678842e-04, 4.8383817902832148e-03
35, 5, 1.2409287629607507e-02, -3.2120452008673993e-03
35, 6, 2.8179657599207084e-03, 3.9775684508770752e-03
35, 7, 7.2417148995139432e-03, -1.0768444555220739e-02
35, 8, 4.7357265469500217e-03, 1.1086942238592629e-03
35, 9, -1.7252579915308269e-03, -1.3020163875536372e-02
35, 10, 4.2510582005056835e-03, -2.2863869174389794e-03
35, 11, -1.0022635318370339e-02, -8.7099612997368937e-03
35, 12, 1.6479687738496726e-03, -4.4696045551752082e-03
35, 13, -1.3423872185461101e-02, 1.2868219428799942e-04
35, 14, -1.7055458664250853e-03, -4.3610303134663190e-03
35, 15, -1.0079976865044925e-02, 9.1447032249613643e-03
35, 16, -4.0989635206614564e-03, -2.0811287001494109e-03
35, 17, -1.4567648909778854e-03, 1.3807739954462210e-02
35, 18, -4.3664086750651370e-03, 1.1589373874538486e-03
35, 19, 8.3473620398575865e-03, 1.1597056411443839e-02
35, 20, -2.4468145141746138e-03, 3.7107892501086160e-03
35, 21, 1.4479286649931292e-02, 3.2321294633528559e-03
35, 22, 6.2271237713051799e-04, 4.3197405686794836e-03
35, 23, 1.3562224501503593e-02, -7.5011338331964208e-03
35, 24, 3.2397456824271313e-03, 2.7495375244235231e-03
35, 25, 5.4430269774811092e-03, -1.5284941325267138e-02
35, 26, 4.0704094863313481e-03, -8.1388049227744901e-05
35, 27, -6.3459612155701726e-03, -1.5762661967787826e-02
35, 28, 2.8033204085205904e-03, -2.5941970678615787e-03
35, 29, -1.6066184452654619e-02, -7.9409722090069620e-03
35, 30, 3.2523620529403049e-04, -3.4980622307797752e-03
35, 31, -1.8754642638754131e-02, 5.2702488533099027e-03
35, 32, -1.8901360485373564e-03, -2.5386943941826745e-03
35, 33, -1.2219422738273535e-02, 1.9223161046941342e-02
35, 34, -2.5322232251368476e-03, -5.3028306390365525e-04
35, 35, 4.8285058590600317e-03, 3.1391973253451541e-02
36, 0, 9.6079659224623179e-03, 0.0000000000000000e+00
36, 1, 1.9257605498760365e-03, 5.0284683414956090e-03
36, 2, 1.0143019417765650e-02, -9.0995627839558120e-03
36, 3, 4.7979445367733213e-03, 2.4642485808413677e-03
36, 4, 1.5080028069897997e-03, -1.3649673586210845e-02
36, 5, 5.2306607286356204e-03, -1.3569476149833028e-03
36, 6, -8.0296023498974672e-03, -1.1321300767657404e-02
36, 7, 3.0112915178726698e-03, -4.4846079118820862e-03
36, 8, -1.3668913593753277e-02, -3.1908553031648888e-03
36, 9, -7.0983137127209788e-04, -5.3289586877775900e-03
36, 10, -1.2485577874612115e-02, 6.7245559620834703e-03
36, 11, -4.0178182514161859e-03, -3.4888257779071173e-03
36, 12, -4.9482142512282199e-03, 1.3431498303460273e-02
36, 13, -5.2409198318603915e-03, 4.9427257316781495e-05
36, 14, 5.2628521589802536e-03, 1.3467708475802464e-02
36, 15, -3.8154082299809754e-03, 3.4558586251950494e-03
36, 16, 1.3068573883654686e-02, 6.6491936807441055e-03
36, 17, -5.3665453085043958e-04, 5.0270196100202554e-03
36, 18, 1.4477461980905824e-02, -3.8243045809341182e-03
36, 19, 2.9005397607450882e-03, 4.0399039192491144e-03
36, 20, 8.5056858532071618e-03, -1.2871111956081085e-02
36, 21, 4.7791175740527752e-03, 1.0698775930043408e-03
36, 22, -2.2806510715463564e-03, -1.5862037471497142e-02
36, 23, 4.2074397492602800e-03, -2.3282660606401481e-03
36, 24, -1.2759181391236173e-02, -1.0820601345729933e-02
36, 25, 1.5658183064542277e-03, -4.4068097769241294e-03
36, 26, -1.7480231073554078e-02, 3.5845112935183488e-04
36, 27, -1.6714424041335736e-03, -4.1484909743510993e-03
36, 28, -1.3414113280896225e-02, 1.2401309852595082e-02
36, 29, -3.7519864029484074e-03, -1.8599963955326011e-03
36, 30, -1.8228989114131016e-03, 1.9138624504442165e-02
36, 31, -3.7059151099386595e-03, 1.0312185325498015e-03
36, 32, 1.2424386003983642e-02, 1.6768858810549736e-02
36, 33, -1.8631660550303098e-03, 2.9218679354686321e-03
36, 34, 2.3898953075141369e-02, 4.9372626483742887e-03
36, 35, 4.4137599662788583e-04, 2.8012283464342838e-03
36, 36, 2.9621109424207689e-02, -1.6809431661195130e-02
37, 0, 3.7203610615696710e-03, 0.0000000000000000e+00
37, 1, -4.6238530801081465e-03, -1.2063588890095303e-02
37, 2, 3.9184008577107842e-03, -3.5194471407063175e-03
37, 3, -1.1559309286347592e-02, -5.9258530869966755e-03
37, 4, 5.7435831843645057e-04, -5.2477221200616939e-03
37, 5, -1.2687741512901043e-02, 3.3055061200875100e-03
37, 6, -3.0633522471264856e-03, -4.3084094411836912e-03
37, 7, -7.3768926957243812e-03, 1.1010894776195733e-02
37, 8, -5.1387680618838628e-03, -1.1941188619042731e-03
37, 9, 1.7779908026922231e-03, 1.3269793774690270e-02
37, 10, -4.6096325689388594e-03, 2.4859093811847623e-03
37, 11, 1.0197432258789343e-02, 8.8497164241076662e-03
37, 12, -1.7876805048318354e-03, 4.8507871747796201e-03
37, 13, 1.3603897472844946e-02, -1.2420279118490247e-04
37, 14, 1.8457600083675943e-03, 4.7340918150950697e-03
37, 15, 1.0183245109746332e-02, -9.2083746872654738e-03
37, 16, 4.4411974148151822e-03, 2.2663182647838422e-03
37, 17, 1.4932550433798839e-03, -1.3844426442196925e-02
37, 18, 4.7375185777591622e-03, -1.2454252073668935e-03
37, 19, -8.2919728043477931e-03, -1.1573086863982415e-02
37, 20, 2.6630364009692315e-03, -4.0233778914041665e-03
37, 21, -1.4334639353926416e-02, -3.2167285956103738e-03
37, 22, -6.7685634525162925e-04, -4.7091365615119481e-03
37, 23, -1.3366142703721965e-02, 7.3976770497191690e-03
37, 24, -3.5660480635238672e-03, -3.0213129969357050e-03
37, 25, -5.3337791943053057e-03, 1.5029003337222777e-02
37, 26, -4.5409903570575961e-03, 9.5076038461307472e-05
37, 27, 6.2186543910611050e-03, 1.5435277488714665e-02
37, 28, -3.1835242537873059e-03, 2.9409447447912556e-03
37, 29, 1.5524731600003967e-02, 7.7193601158394333e-03
37, 30, -3.9012540351401968e-04, 4.0268494775977737e-03
37, 31, 1.7533038131785941e-02, -4.8332826255602333e-03
37, 32, 2.2012603676422253e-03, 2.9843338441795245e-03
37, 33, 1.0625831441552092e-02, -1.6606056250744173e-02
37, 34, 3.2750162241481215e-03, 6.7826599896118824e-04
37, 35, -3.6606174374683065e-03, -2.2819050953650659e-02
37, 36, 2.3799271441657236e-03, -1.3597573072683228e-03
37, 37, -2.4846804218800204e-02, -2.0556069011729818e-02
38, 0, -7.6791137135050038e-03, 0.0000000000000000e+00
38, 1, -1.6314389107299685e-03, -4.2489171145500843e-03
38, 2, -8.0961047920815581e-03, 7.2875328658062559e-03
38, 3, -4.0635813959667534e-03, -2.0751374053625455e-03
38, 4, -1.1753009589256381e-03, 1.0918841050730590e-02
38, 5, -4.4269931479907869e-03, 1.1629849658898680e-03
38, 6, 6.4503214559553587e-03, 9.0350413552716946e-03
38, 7, -2.5429177977783174e-03, 3.8109463522031182e-03
38, 8, 1.0932697694050190e-02, 2.5233361271419963e-03
38, 9, 6.1111201623491394e-04, 4.5219877286841841e-03
38, 10, 9.9558589227015035e-03, -5.3773332367151247e-03
38, 11, 3.4108300200376756e-03, 2.9595000634074393e-03
38, 12, 3.9394357549882688e-03, -1.0678590950293065e-02
38, 13, 4.4422572711875106e-03, -3.6420805377270076e-05
38, 14, -4.1433338773100145e-03, -1.0662748415064828e-02
38, 15, 3.2344094449828224e-03, -2.9154110522061783e-03
38, 16, -1.0259035563949238e-02, -5.2547577461077299e-03
38, 17, 4.6471120612535960e-04, -4.2422567362928893e-03
38, 18, -1.1310539720853791e-02, 2.9568769395478724e-03
38, 19, -2.4394243120502840e-03, -3.4128923789876358e-03
38, 20, -6.6149063362217582e-03, 9.9770263434141304e-03
38, 21, -4.0391763513590272e-03, -9.0764540084650464e-04
38, 22, 1.7604485587918767e-03, 1.2254419501179488e-02
38, 23, -3.5786451589107080e-03, 1.9825841728559591e-03
38, 24, 9.8437514156851057e-03, 8.3340020395432229e-03
38, 25, -1.3438188356013562e-03, 3.7933306168977422e-03
38, 26, 1.3466726598874667e-02, -2.8451420595620102e-04
38, 27, 1.4604779792540721e-03, 3.6250225889511707e-03
38, 28, 1.0311928643232713e-02, -9.5131822006205135e-03
38, 29, 3.3270394473638256e-03, 1.6588443122463011e-03
38, 30, 1.4317988831091945e-03, -1.4484927194258163e-02
38, 31, 3.3310896683053119e-03, -9.1097487093226776e-04
38, 32, -8.9840516165146361e-03, -1.2245058787435797e-02
38, 33, 1.7047288615075925e-03, -2.6541911567730036e-03
38, 34, -1.6086100927681018e-02, -3.3452007399015237e-03
38, 35, -4.5290702001417647e-04, -2.8169620931076441e-03
38, 36, -1.6795177090816620e-02, 9.6569611400047998e-03
38, 37, -1.8090160784327534e-03, -1.4902191465379240e-03
38, 38, -8.6900614908752317e-03, 2.5554716022899191e-02
39, 0, -2.3845106753330129e-03, 0.0000000000000000e+00
39, 1, 2.8212193143436213e-03, 7.3221193418974741e-03
39, 2, -2.5065964934511816e-03, 2.2666511309486956e-03
39, 3, 7.0484981458145942e-03, 3.5722957687477222e-03
39, 4, -3.5089361735062512e-04, 3.3786256926426001e-03
39, 5, 7.7240103794777165e-03, -2.0610660890524701e-03
39, 6, 1.9938529038532786e-03, 2.7698852468182535e-03
39, 7, 4.4698680966129244e-03, -6.7481642913757326e-03
39, 8, 3.3288171427486865e-03, 7.5845135948805656e-04
39, 9, -1.1100018171525407e-03, -8.0979654294721839e-03
39, 10, 2.9815792017011487e-03, -1.6139364113283590e-03
39, 11, -6.2056294383188272e-03, -5.3850722343297209e-03
39, 12, 1.1592382870623528e-03, -3.1314229685747040e-03
39, 13, -8.2262967589915165e-03, 5.2585386755556839e-05
39, 14, -1.1752707945045216e-03, -3.0483926188719698e-03
39, 15, -6.1282898868849130e-03, 5.4929014454224495e-03
39, 16, -2.8332029507609734e-03, -1.4623445941645392e-03
39, 17, -9.2261173124223695e-04, 8.2153905444468378e-03
39, 18, -3.0191993590215978e-03, 7.8149730996882928e-04
39, 19, 4.8619236286214723e-03, 6.8270977768968765e-03
39, 20, -1.6984404376850508e-03, 2.5562346933955737e-03
39, 21, 8.3915302657498990e-03, 1.8891469594990941e-03
39, 22, 4.3337023902575869e-04, 3.0082436161581365e-03
39, 23, 7.8085069128074631e-03, -4.3315193537258236e-03
39, 24, 2.3038427934303561e-03, 1.9466877634733070e-03
39, 25, 3.1121509222481339e-03, -8.8008664366722392e-03
39, 26, 2.9745834548759783e-03, -6.4143120384473507e-05
39, 27, -3.6438377478293232e-03, -9.0543165760119688e-03
39, 28, 2.1242608430525837e-03, -1.9561745984762371e-03
39, 29, -9.0630237196481708e-03, -4.5402110527315593e-03
39, 30, 2.7498546116698497e-04, -2.7186570150893354e-03
39, 31, -1.0073976902359200e-02, 2.7216310445860484e-03
39, 32, -1.4827010028885662e-03, -2.0318088174796677e-03
39, 33, -5.8468411298946464e-03, 9.0519533255497362e-03
39, 34, -2.2343625591170787e-03, -4.6673931055960085e-04
39, 35, 1.8481895318660793e-03, 1.1467912101103787e-02
39, 36, -1.8001719421918687e-03, 1.0384902651902298e-03
39, 37, 1.0731481542642980e-02, 8.7974165847405986e-03
39, 38, -5.5084117332566040e-04, 1.6239679714698733e-03
39, 39, 1.9238810110740259e-02, -6.8330002756261459e-04
40, 0, 3.0436723113573703e-03, 0.0000000000000000e+00
40, 1, 6.8795090733644046e-04, 1.7681841945828612e-03
40, 2, 3.1932735085412928e-03, -2.9229605966748342e-03
40, 3, 1.7135285646699111e-03, 8.5013643733347882e-04
40, 4, 4.1116383559808018e-04, -4.3743217173760627e-03
40, 5, 1.8647765970760289e-03, -5.1878197936459892e-04
40, 6, -2.6496582667824243e-03, -3.6047564617705014e-03
40, 7, 1.0636317125572547e-03, -1.6374838715026130e-03
40, 8, -4.4337036100037973e-03, -9.7803222688349158e-04
40, 9, -2.7394526873947668e-04, -1.9321299658937030e-03
40, 10, -4.0145079186546572e-03, 2.1831714381906593e-03
40, 11, -1.4529690997928061e-03, -1.2630230388474344e-03
40, 12, -1.5947809812443248e-03, 4.2655729968672142e-03
40, 13, -1.8752345362296598e-03, 1.3812999505351154e-06
40, 14, 1.5911609871280998e-03, 4.2140958693034896e-03
40, 15, -1.3587823864037926e-03, 1.1979985703426967e-03
40, 16, 3.9389087092280518e-03, 2.0729316823427857e-03
40, 17, -2.0833132967871209e-04, 1.7366972410432560e-03
40, 18, 4.2982271257193090e-03, -1.0849600199034995e-03
40, 19, 9.8197177176964677e-04, 1.3913423336817771e-03
40, 20, 2.4910721531664574e-03, -3.7304403371201055e-03
40, 21, 1.6397977616419463e-03, 3.6947543541021084e-04
40, 22, -6.6431343643332474e-04, -4.5786209173350970e-03
40, 23, 1.4672071212691582e-03, -8.1829538386124609e-04
40, 24, -3.7088343637458844e-03, -3.1206959500429819e-03
40, 25, 5.5895042551093520e-04, -1.5905942519611352e-03
40, 26, -5.1107136231942464e-03, 1.1267763885039830e-04
40, 27, -6.2484461834036659e-04, -1.5556507596304813e-03
40, 28, -3.9550577071334816e-03, 3.6225320610458103e-03
40, 29, -1.4514825850912064e-03, -7.3420756428885421e-04
40, 30, -5.8714697621634125e-04, 5.5014961032443764e-03
40, 31, -1.4692084714831273e-03, 3.8830083101841457e-04
40, 32, 3.2632324297272343e-03, 4.5268685821325825e-03
40, 33, -7.4482869048300389e-04, 1.1444855554369258e-03
40, 34, 5.4769081716856283e-03, 1.1544813560542715e-03
40, 35, 1.9583339488950119e-04, 1.2013971011023935e-03
40, 36, 5.1623205593298548e-03, -3.0034186596929798e-03
40, 37, 8.7703189249037654e-04, 7.1398792815627039e-04
40, 38, 2.3805604988965481e-03, -7.0290982652062997e-03
40, 39, 9.4399163045777988e-04, -3.0896664439227641e-05
40, 40, -3.9394806989218123e-03, -9.3555515871479606e-03
41, 0, 2.1648783854262495e-04, 0.0000000000000000e+00
41, 1, -2.8221170296013350e-04, -6.5743714801165195e-04
41, 2, 2.1817877822684977e-04, -2.2896602995276855e-04
41, 3, -7.0420680989835658e-04, -2.7749326442302207e-04
41, 4, -2.8995891555840490e-06, -3.4101287718037648e-04
41, 5, -7.6375442363952326e-04, 2.9576667885248046e-04
41, 6, -2.4527837468657330e-04, -2.7415731327991646e-04
41, 7, -4.1720638215499395e-04, 7.6730012936693465e-04
41, 8, -3.7946433165089255e-04, -5.9249587522661599e-05
41, 9, 1.5949213070762746e-04, 8.8116901353326013e-04
41, 10, -3.3182121176762361e-04, 1.8687793377445184e-04
41, 11, 6.5164840729472172e-04, 5.7784039019211889e-04
41, 12, -1.3631395175457971e-04, 3.2832938079880610e-04
41, 13, 7.9823258749275742e-04, 4.4953102834691420e-05
41, 14, 8.6829283644082009e-05, 3.0030674532249612e-04
41, 15, 5.6262916363039074e-04, -4.1057293257048725e-04
41, 16, 2.1908363142098889e-04, 1.4568166216561028e-04
41, 17, 1.2791334646443600e-04, -5.7651016782266106e-04
41, 18, 2.1866641585660055e-04, -3.5575051253665832e-05
41, 19, -2.7058195420055428e-04, -4.3968493600835196e-04
41, 20, 1.1676878932219030e-04, -1.6393481432343596e-04
41, 21, -4.8948066393266854e-04, -1.1122173929789399e-04
41, 22, -3.4443865190510763e-05, -2.0489304650870402e-04
41, 23, -4.7449536773705859e-04, 2.8592912942016055e-04
41, 24, -1.8476478019391110e-04, -1.4551086162978646e-04
41, 25, -2.0245088064540831e-04, 6.2217444491614404e-04
41, 26, -2.6965084480380419e-04, 8.1514352918126474e-06
41, 27, 2.7824733147278560e-04, 7.1535418025108345e-04
41, 28, -2.2111246920900591e-04, 1.9281948911535659e-04
41, 29, 7.3303758113677322e-04, 4.1294592584366634e-04
41, 30, -4.3906870005624674e-05, 2.8263357231093667e-04
41, 31, 7.9204608654292856e-04, -1.5677945348951174e-04
41, 32, 1.2743735247467658e-04, 1.9669791872476051e-04
41, 33, 3.5805760173435381e-04, -4.9621238381387109e-04
41, 34, 1.4776023008945442e-04, 3.1865045332673326e-05
41, 35, -7.1835078067834673e-05, -3.0374118837842067e-04
41, 36, 7.7395049485920177e-05, -5.5179660193187195e-05
41, 37, -1.9388311330274761e-04, -1.0640018483618410e-04
41, 38, 4.0503984384424860e-05, -1.2601583790416114e-04
41, 39, -8.3010700087252749e-04, -1.7319095660396967e-05
41, 40, -4.4716936815169266e-05, -1.2361425038006211e-04
41, 41, -6.1818163148443428e-04, 5.8136584158126738e-04
42, 0, 1.7948941301521775e-03, 0.0000000000000000e+00
42, 1, 4.1676539121572077e-04, 1.1309998648223634e-03
42, 2, 1.9185562421389470e-03, -1.6379103249356314e-03
42, 3, 1.0372610279027899e-03, 5.7765177029295636e-04
42, 4, 3.7229248463002896e-04, -2.4541728313444548e-03
42, 5, 1.1319583133128153e-03, -2.4260017266410780e-04
42, 6, -1.3249278553032460e-03, -2.0444574723669480e-03
42, 7, 6.6223388152150578e-04, -9.1292080897531133e-04
42, 8, -2.3310437734516644e-03, -6.1355364999212422e-04
42, 9, -1.2807821388573991e-04, -1.1025140389803118e-03
42, 10, -2.1437393377854003e-03, 1.1413807356707147e-03
42, 11, -8.4502219259237224e-04, -7.2298425128416771e-04
42, 12, -8.2351458935041896e-04, 2.3630841037125014e-03
42, 13, -1.1336854916751404e-03, 3.9783196792099708e-05
42, 14, 1.0288165010305759e-03, 2.4153855879730565e-03
42, 15, -8.4073746532204255e-04, 8.1125448556020844e-04
42, 16, 2.5091832703047780e-03, 1.1850780307159164e-03
42, 17, -9.7495492105553844e-05, 1.1963975423101331e-03
42, 18, 2.8104586912811530e-03, -7.9849667882576458e-04
42, 19, 7.2102016946782308e-04, 9.8052444570722935e-04
42, 20, 1.6648204538983399e-03, -2.5432267198930397e-03
42, 21, 1.1801203501324725e-03, 2.6678500518311686e-04
42, 22, -4.2440861566496734e-04, -3.0866688619969854e-03
42, 23, 1.0354877836031571e-03, -5.6085437436300799e-04
42, 24, -2.3880166916348216e-03, -2.0595225727819987e-03
42, 25, 3.8401518659458508e-04, -1.0587409197473003e-03
42, 26, -3.1716768587196666e-03, 5.9419589723844276e-05
42, 27, -4.0180474627099342e-04, -9.8809242405286540e-04
42, 28, -2.3338776453877149e-03, 2.1950370258456103e-03
42, 29, -9.1286916417202522e-04, -4.3794740099487251e-04
42, 30, -2.6602778591807000e-04, 3.2830402660078239e-03
42, 31, -9.3868522350182791e-04, 2.7478159190801559e-04
42, 32, 2.1100295162286764e-03, 2.7985719263531406e-03
42, 33, -5.2105000151759194e-04, 8.2184609005812035e-04
42, 34, 3.8196838447450538e-03, 8.0462508902010227e-04
42, 35, 1.4651762242065620e-04, 9.7390176680966806e-04
42, 36, 3.9097454485715654e-03, -2.1828897707177834e-03
42, 37, 7.2953299700863686e-04, 6.1402197264584415e-04
42, 38, 1.6224465436269623e-03, -4.7217569745838985e-03
42, 39, 7.9944793364076334e-04, -3.3459895853633070e-05
42, 40, -2.0934850957182978e-03, -4.7053652954466216e-03
42, 41, 4.4788294563017663e-04, -4.4230458383900451e-04
42, 42, -6.8598207478294416e-03, -3.2641487662148543e-03
43, 0, 1.7541897921992222e-03, 0.0000000000000000e+00
43, 1, -1.7972303146847899e-03, -4.7899484560301481e-03
43, 2, 1.8601287506911123e-03, -1.6263166893730611e-03
43, 3, -4.4873191627391000e-03, -2.4063764619944475e-03
43, 4, 3.1857801125928726e-04, -2.4233443324792013e-03
43, 5, -4.9206663779179649e-03, 1.1619530972472973e-03
43, 6, -1.3531647631269711e-03, -1.9939749569735875e-03
43, 7, -2.8779071480104909e-03, 4.1254946967394903e-03
43, 8, -2.3096577652286674e-03, -5.7068218359420091e-04
43, 9, 6.2940868891970918e-04, 4.9984872395702068e-03
43, 10, -2.0806224200440766e-03, 1.1186380889655402e-03
43, 11, 3.8663924807552847e-03, 3.3210077558388663e-03
43, 12, -7.9330380397096367e-04, 2.2265003652819819e-03
43, 13, 5.2091467895102926e-03, -1.2545918725667991e-04
43, 14, 9.0329901500428513e-04, 2.2015767371940218e-03
43, 15, 3.9155934478347131e-03, -3.6714481406358306e-03
43, 16, 2.1563491368280178e-03, 1.0545730747565699e-03
43, 17, 5.1660852957253827e-04, -5.5209517559798964e-03
43, 18, 2.3271704099075206e-03, -6.3768775807240157e-04
43, 19, -3.3585468577649780e-03, -4.6282330281901792e-03
43, 20, 1.3249946872681444e-03, -2.0090985180702251e-03
43, 21, -5.7263362906260903e-03, -1.2959958752765343e-03
43, 22, -3.2714469341054738e-04, -2.3541008366369095e-03
43, 23, -5.2665815596964517e-03, 2.8765224595316613e-03
43, 24, -1.7651370697997013e-03, -1.5128715263319180e-03
43, 25, -2.0685235104555477e-03, 5.7587966823931646e-03
43, 26, -2.2561734401506891e-03, 4.3786080366530146e-05
43, 27, 2.3433524798672292e-03, 5.7880000537773642e-03
43, 28, -1.5940249454579703e-03, 1.4858386667621600e-03
43, 29, 5.7485313939800112e-03, 2.8120802435449700e-03
43, 30, -1.8757590512153528e-04, 2.0911487904736780e-03
43, 31, 6.3690376113393152e-03, -1.7953433199644733e-03
43, 32, 1.2080674426756066e-03, 1.6277720775876531e-03
43, 33, 3.7563347399049243e-03, -5.8558702861560312e-03
43, 34, 1.9275702153042193e-03, 4.0889249497004688e-04
43, 35, -1.1338665721066258e-03, -7.4154854803828302e-03
43, 36, 1.6724571155339520e-03, -9.4134940496042518e-04
43, 37, -6.3570913686765759e-03, -5.3053487345165610e-03
43, 38, 5.8921129730179990e-04, -1.7151005554071918e-03
43, 39, -9.1208945547298012e-03, 3.3567361819018750e-04
43, 40, -6.1939176723760055e-04, -1.4381529178159910e-03
43, 41, -7.0605828358915514e-03, 6.9482852916984061e-03
43, 42, -1.1389596255614693e-03, -5.2826291984000727e-04
43, 43, -1.1637306227252654e-03, 1.4277982763271111e-02
44, 0, -4.8246796230727411e-03, 0.0000000000000000e+00
44, 1, -1.1938537275731169e-03, -3.1649362341682982e-03
44, 2, -5.1143354613700301e-03, 4.5006092513819691e-03
44, 3, -2.9715666137513173e-03, -1.5755830796705277e-03
44, 4, -8.4814759747168047e-04, 6.7336990190394628e-03
44, 5, -3.2369175548614235e-03, 7.8531857572455756e-04
44, 6, 3.8295903398191779e-03, 5.5726852142441536e-03
44, 7, -1.8699361447127899e-03, 2.7124319615652670e-03
44, 8, 6.5678322004733584e-03, 1.5924405044115142e-03
44, 9, 4.1826495684387112e-04, 3.2381115024736067e-03
44, 10, 5.9804416537988722e-03, -3.2273311419900369e-03
44, 11, 2.4651904741480866e-03, 2.1170231215702751e-03
44, 12, 2.3200470545443504e-03, -6.4823587362138162e-03
44, 13, 3.2479964939123212e-03, -7.0083706056120294e-05
44, 14, -2.6439050812837590e-03, -6.5069330429060393e-03
44, 15, 2.3841868861333507e-03, -2.2187693467019577e-03
44, 16, -6.4524611171622084e-03, -3.1864246349380563e-03
44, 17, 3.1539282239280246e-04, -3.2479255089031566e-03
44, 18, -7.1256581543930903e-03, 1.9303337492834634e-03
44, 19, -1.9068965668787832e-03, -2.6401475796477411e-03
44, 20, -4.1724893103505540e-03, 6.3096089425814950e-03
44, 21, -3.1505408695413936e-03, -7.1537510101659307e-04
44, 22, 1.0668260480483705e-03, 7.6622969171533566e-03
44, 23, -2.7941530896593968e-03, 1.5272251546675222e-03
44, 24, 6.0068617474737717e-03, 5.1394760703435734e-03
44, 25, -1.0542182727063375e-03, 2.9377988138046519e-03
44, 26, 8.0863494641703025e-03, -1.5836843068918057e-04
44, 27, 1.1410396665889897e-03, 2.8239072519199208e-03
44, 28, 6.0776592302061580e-03, -5.6486159098128007e-03
44, 29, 2.6555218748203942e-03, 1.3057547368971261e-03
44, 30, 7.8834957516276522e-04, -8.5059428097729976e-03
44, 31, 2.7566444776003776e-03, -7.6913853367116568e-04
44, 32, -5.2483295065742595e-03, -7.1151490430402149e-03
44, 33, 1.4937369922450778e-03, -2.3196623543476108e-03
44, 34, -9.0466740710410023e-03, -1.9285711768641828e-03
44, 35, -4.0228075128854947e-04, -2.6296766875094726e-03
44, 36, -8.5949528567397255e-03, 4.8477709512475186e-03
44, 37, -1.9664555286444314e-03, -1.6393945322777837e-03
44, 38, -3.4999967164964668e-03, 1.0178122106779919e-02
44, 39, -2.4001001854476447e-03, 8.2628904653209530e-05
44, 40, 4.6274273602328990e-03, 1.0883378386469161e-02
44, 41, -1.4991572836427650e-03, 1.4569241427178745e-03
44, 42, 1.1836967622375088e-02, 5.4404867704448698e-03
44, 43, -1.2225000246560188e-04, 1.6818654028178488e-03
44, 44, 1.8011528328289384e-02, -5.2124109748282431e-03
45, 0, -2.7172889325550145e-03, 0.0000000000000000e+00
45, 1, 2.6728999776618571e-03, 7.0690623689729616e-03
45, 2, -2.8736015932393126e-03, 2.5370336614265578e-03
45, 3, 6.6704474597713490e-03, 3.5185316898489138e-03
45, 4, -4.6534084961168440e-04, 3.7787730895563676e-03
45, 5, 7.3020305786812003e-03, -1.7938631658962600e-03
45, 6, 2.1460021524968642e-03, 3.1020853499671400e-03
45, 7, 4.2435164042165579e-03, -6.1923325439592310e-03
45, 8, 3.6338850038861044e-03, 8.7119693952566438e-04
45, 9, -9.7806788129053425e-04, -7.4592125181360599e-03
45, 10, 3.2626525644138316e-03, -1.7665135858351958e-03
45, 11, -5.7550403759786687e-03, -4.9361641907440471e-03
45, 12, 1.2454502034076377e-03, -3.4799534202459414e-03
45, 13, -7.6861016421488609e-03, 1.6076435630670106e-04
45, 14, -1.3862675076970793e-03, -3.4224368946398024e-03
45, 15, -5.7419685839039253e-03, 5.3278201207174513e-03
45, 16, -3.3075384593483342e-03, -1.6400744333598118e-03
45, 17, -7.8653140691376682e-04, 7.9627743634287217e-03
45, 18, -3.5574006602474462e-03, 9.5761206620984809e-04
45, 19, 4.7787960247775057e-03, 6.6344021179153712e-03
45, 20, -2.0230639432686332e-03, 3.0514991410033007e-03
45, 21, 8.1399168166292318e-03, 1.8539748220083912e-03
45, 22, 4.9699221936398729e-04, 3.5866036433595790e-03
45, 23, 7.4787592273969413e-03, -4.0863782815943944e-03
45, 24, 2.7089469499075266e-03, 2.3193011586655370e-03
45, 25, 2.9435563624788754e-03, -8.2019002723512924e-03
45, 26, 3.5013586531180813e-03, -6.7252171172980655e-05
45, 27, -3.3453605055411739e-03, -8.2905222965586247e-03
45, 28, 2.5138580770252329e-03, -2.3328122882292292e-03
45, 29, -8.2549524276702806e-03, -4.0715416012860155e-03
45, 30, 3.1251310540462269e-04, -3.3288923188618050e-03
45, 31, -9.1539312395419684e-03, 2.5372001611561812e-03
45, 32, -1.9187344563650276e-03, -2.6077869979974949e-03
45, 33, -5.3313674861361800e-03, 8.2540101010192112e-03
45, 34, -3.0451636113525398e-03, -6.5116991776971716e-04
45, 35, 1.5442226502793556e-03, 1.0121176160537175e-02
45, 36, -2.6010191449038272e-03, 1.4669295825870802e-03
45, 37, 8.3356450303807596e-03, 6.9501242879402058e-03
45, 38, -9.3046496419296287e-04, 2.7001143615362684e-03
45, 39, 1.1766233336731389e-02, -3.8331025778886397e-04
45, 40, 1.0375365709060539e-03, 2.4608023718320454e-03
45, 41, 9.3075567330732061e-03, -8.9671850808526656e-03
45, 42, 2.1150434046403573e-03, 9.8325181450794144e-04
45, 43, 9.6180142279743246e-04, -1.4290226303987973e-02
45, 44, 1.8088794071589530e-03, -5.3996612485300685e-04
45, 45, -1.2377643823388478e-02, -1.6463197315504618e-02
46, 0, 5.2012967599680635e-03, 0.0000000000000000e+00
46, 1, 1.3559401765337945e-03, 3.5806817182609816e-03
46, 2, 5.5045113602965635e-03, -4.8684496080854765e-03
46, 3, 3.3741853858950143e-03, 1.7738278126337144e-03
46, 4, 8.8443829949845314e-04, -7.2775265761542791e-03
46, 5, 3.6717262741878809e-03, -9.0974909323593206e-04
46, 6, -4.1732106679319642e-03, -6.0070462985720796e-03
46, 7, 2.1122385334557438e-03, -3.0965507119657043e-03
46, 8, -7.1154962254323202e-03, -1.6913047804645754e-03
46, 9, -4.9012629950444296e-04, -3.6845031218845832e-03
46, 10, -6.4526016983966605e-03, 3.5061004672454210e-03
46, 11, -2.8071749239734624e-03, -2.4017889535572988e-03
46, 12, -2.4924457061047183e-03, 6.9808465125617064e-03
46, 13, -3.6810567020482592e-03, 7.8459133689918038e-05
46, 14, 2.8224133647712507e-03, 6.9690979304898419e-03
46, 15, -2.6949355810758657e-03, 2.4985410412172379e-03
46, 16, 6.8532494228832523e-03, 3.4044452918307903e-03
46, 17, -3.6397243685935485e-04, 3.6473710845293331e-03
46, 18, 7.5313851807673167e-03, -2.0184247686774476e-03
46, 19, 2.1266570092933991e-03, 2.9605922652435912e-03
46, 20, 4.3961866006433448e-03, -6.6144106163842104e-03
46, 21, 3.5189518735895629e-03, 8.0631610361318223e-04
46, 22, -1.1024480287223474e-03, -8.0118523984264653e-03
46, 23, 3.1280295573564592e-03, -1.7047613195777253e-03
46, 24, -6.2613659114006031e-03, -5.3680427919062107e-03
46, 25, 1.1877963095646312e-03, -3.3013918146091426e-03
46, 26, -8.4426141339080905e-03, 1.5761728660390346e-04
46, 27, -1.2903318939829281e-03, -3.2033992289977587e-03
46, 28, -6.3742558841461423e-03, 5.9072356453287135e-03
46, 29, -3.0430061517369767e-03, -1.5031764356299691e-03
46, 30, -8.4788032258874659e-04, 8.9381258041493043e-03
46, 31, -3.1979104031351901e-03, 8.8406908069581355e-04
46, 32, 5.4910765179787043e-03, 7.4807009618623951e-03
46, 33, -1.7445702866059933e-03, 2.6973938451487333e-03
46, 34, 9.3680513814067730e-03, 2.0117009049879613e-03
46, 35, 4.6325832971591747e-04, 3.0438957065836545e-03
46, 36, 8.6561173423832290e-03, -4.8766912265023237e-03
46, 37, 2.2547981290253994e-03, 1.8816972470867064e-03
46, 38, 3.4221099735899574e-03, -9.9007943573081302e-03
46, 39, 2.7958253762866247e-03, -8.6893140102713539e-05
46, 40, -4.3722474882848215e-03, -1.0454766733590115e-02
46, 41, 1.8879066756931414e-03, -1.8066619777464923e-03
46, 42, -1.1267359555514734e-02, -5.2947470061305820e-03
46, 43, 1.6065396776244724e-04, -2.2794907911828982e-03
46, 44, -1.3216430619234444e-02, 4.0455379563822808e-03
46, 45, -1.1265977918708040e-03, -1.4726357183657808e-03
46, 46, -1.0626950514912858e-02, 1.6826694060784311e-02
47, 0, 2.3909400200194460e-03, 0.0000000000000000e+00
47, 1, -2.2458068052934373e-03, -5.9255375797213931e-03
47, 2, 2.5257466417436649e-03, -2.2368520048728999e-03
47, 3, -5.6014952584896010e-03, -2.9386025411162610e-03
47, 4, 4.0022980130437533e-04, -3.3293341706823825e-03
47, 5, -6.1215814563281559e-03, 1.5260814859435802e-03
47, 6, -1.9018898241505743e-03, -2.7268107147707952e-03
47, 7, -3.5389528145355694e-03, 5.2095728733805666e-03
47, 8, -3.2066860147727206e-03, -7.5470012775602122e-04
47, 9, 8.4483908306610001e-04, 6.2481412496777937e-03
47, 10, -2.8686588502513303e-03, 1.5670098613399495e-03
47, 11, 4.8256036147614279e-03, 4.1122056665389992e-03
47, 12, -1.0877144613120767e-03, 3.0637951356130202e-03
47, 13, 6.4046452205423713e-03, -1.4520756905288048e-04
47, 14, 1.2190402935263679e-03, 3.0020123213212306e-03
47, 15, 4.7633680173419001e-03, -4.4197203965784552e-03
47, 16, 2.8922420494718964e-03, 1.4373875763538972e-03
47, 17, 6.5994398859142982e-04, -6.5696507855625506e-03
47, 18, 3.1038860930603261e-03, -8.2773717145100275e-04
47, 19, -3.9051266900147923e-03, -5.4535939051004222e-03
47, 20, 1.7667531923564162e-03, -2.6469515036681959e-03
47, 21, -6.6328161541325875e-03, -1.5329548910238736e-03
47, 22, -4.2134180440494932e-04, -3.1117789740310146e-03
47, 23, -6.0755374586070965e-03, 3.2971334947616677e-03
47, 24, -2.3440250269334073e-03, -2.0170877609761643e-03
47, 25, -2.3940030732561642e-03, 6.6260905643100746e-03
47, 26, -3.0478670551787545e-03, 5.3210572182756491e-05
47, 27, 2.6957341946028850e-03, 6.7092524488751764e-03
47, 28, -2.2101280854348176e-03, 2.0457038537744269e-03
47, 29, 6.7001193455430066e-03, 3.3150542523395182e-03
47, 30, -2.8166803952617476e-04, 2.9602684442548649e-03
47, 31, 7.4764548690096607e-03, -2.0612341563589192e-03
47, 32, 1.7243254539309576e-03, 2.3503901055911347e-03
47, 33, 4.3630593635839111e-03, -6.7338960956008177e-03
47, 34, 2.7552176167489010e-03, 5.9270657887573828e-04
47, 35, -1.2353450825826509e-03, -8.1605037480304184e-03
47, 36, 2.3405205370905088e-03, -1.3168889018392350e-03
47, 37, -6.5182720001275415e-03, -5.4499296989347591e-03
47, 38, 8.3384388531031466e-04, -2.4035758014448322e-03
47, 39, -8.9002699119351738e-03, 2.5881664628778900e-04
47, 40, -9.2661194883932670e-04, -2.2306598637552009e-03
47, 41, -6.9809776280585810e-03, 6.6274748031433630e-03
47, 42, -2.0410131674184193e-03, -9.6815565588133812e-04
47, 43, -7.8680966117063492e-04, 1.0572852439445330e-02
47, 44, -1.8900365067557605e-03, 5.7433246020201700e-04
47, 45, 7.2243266915426136e-03, 9.2702803718628865e-03
47, 46, -8.4633393352374149e-04, 1.3658502619941124e-03
47, 47, 1.6638246020469653e-02, 3.3865631050215565e-03
48, 0, -3.3312085257662652e-03, 0.0000000000000000e+00
48, 1, -9.1174583807854866e-04, -2.4040493915484630e-03
48, 2, -3.5218290879879327e-03, 3.1212889895234201e-03
48, 3, -2.2675946772636249e-03, -1.1873422503195109e-03
48, 4, -5.5547048990196250e-04, 4.6598097662241345e-03
48, 5, -2.4628232458150040e-03, 6.1825090010544546e-04
48, 6, 2.6836716533272754e-03, 3.8316621988684157e-03
48, 7, -1.4073701223741922e-03, 2.0838124881593849e-03
48, 8, 4.5496525642474400e-03, 1.0562526334926871e-03
48, 9, 3.4270125059002665e-04, 2.4672573522163161e-03
48, 10, 4.0986654038767363e-03, -2.2587993945690872e-03
48, 11, 1.8881534846106518e-03, 1.5963151177759017e-03
48, 12, 1.5601381084659873e-03, -4.4452634365527675e-03
48, 13, 2.4592865105785336e-03, -6.3663795825927175e-05
48, 14, -1.8028216301443697e-03, -4.4085809112539721e-03
48, 15, 1.7937250440870198e-03, -1.6694320643259244e-03
48, 16, -4.3235237544235316e-03, -2.1459989533366103e-03
48, 17, 2.4529742605783664e-04, -2.4245566422371784e-03
48, 18, -4.7270282043398830e-03, 1.2521969018153617e-03
48, 19, -1.3994355804834600e-03, -1.9660345290638940e-03
48, 20, -2.7580120289321460e-03, 4.1023344206988733e-03
48, 21, -2.3137006189759769e-03, -5.4479924686998387e-04
48, 22, 6.4949226724760837e-04, 4.9460311362298183e-03
48, 23, -2.0551618797264889e-03, 1.1040938885412744e-03
48, 24, 3.8116824198260336e-03, 3.3037038781308144e-03
48, 25, -7.8576404817477796e-04, 2.1532755801309937e-03
48, 26, 5.1393714471923138e-03, -7.7829329674941971e-05
48, 27, 8.4124774243039314e-04, 2.1034423123356613e-03
48, 28, 3.8937338172411011e-03, -3.5967650291667806e-03
48, 29, 2.0200971788063024e-03, 1.0001212519105639e-03
48, 30, 5.2496049089779083e-04, -5.4995392638709124e-03
48, 31, 2.1629254724020294e-03, -5.9702864569084800e-04
48, 32, -3.4116357038616045e-03, -4.6536698440966485e-03
48, 33, 1.2006334192420562e-03, -1.8534231085625889e-03
48, 34, -5.8382789399372111e-03, -1.2606923498193028e-03
48, 35, -3.1715237822850848e-04, -2.1027890387734362e-03
48, 36, -5.3150854938517882e-03, 2.9814934532868811e-03
48, 37, -1.5355706222919300e-03, -1.2875521001539669e-03
48, 38, -2.0412231862577518e-03, 5.8433524694090737e-03
48, 39, -1.8760183858334105e-03, 4.9748531347525873e-05
48, 40, 2.4421130076540190e-03, 5.9432294228350530e-03
48, 41, -1.2932453898106793e-03, 1.2185718074820160e-03
48, 42, 6.2740420395128674e-03, 3.0183697551031375e-03
48, 43, -1.3021028254563675e-04, 1.6648437776251746e-03
48, 44, 7.3928776503891288e-03, -2.2189101084832573e-03
48, 45, 8.9573859215106937e-04, 1.1501284194731537e-03
48, 46, 4.3879503223259973e-03, -7.2781065262539028e-03
48, 47, 1.1678959413014096e-03, 2.2694675462879503e-04
48, 48, -1.9816670648202220e-03, -1.2206434458921054e-02
49, 0, -1.0745812112580165e-03, 0.0000000000000000e+00
49, 1, 9.6505311400758257e-04, 2.5446695632398227e-03
49, 2, -1.1339092166074154e-03, 1.0054985325484579e-03
49, 3, 2.4044783846281360e-03, 1.2575132275893974e-03
49, 4, -1.7584069693834007e-04, 1.4935227927022189e-03
49, 5, 2.6173263354602812e-03, -6.6322239357206360e-04
49, 6, 8.5786936397355489e-04, 1.2147989541446188e-03
49, 7, 1.4922738282000148e-03, -2.2340067056568322e-03
49, 8, 1.4334655280160377e-03, 3.2225222518134718e-04
49, 9, -3.9020823267565556e-04, -2.6511916153280656e-03
49, 10, 1.2665740261863072e-03, -7.1371274581232631e-04
49, 11, -2.0673693280568745e-03, -1.7136189863700510e-03
49, 12, 4.6455149989558056e-04, -1.3661434716548673e-03
49, 13, -2.7028952384992935e-03, 9.3444047240719889e-05
49, 14, -5.5276814871847344e-04, -1.3248787236652315e-03
49, 15, -1.9916316827460869e-03, 1.8713598871744278e-03
49, 16, -1.2794821621787992e-03, -6.3208441421123084e-04
49, 17, -2.8055595359770491e-04, 2.7456990292639280e-03
49, 18, -1.3656867411656101e-03, 3.5551012094629764e-04
49, 19, 1.5934566731627222e-03, 2.2708424317278335e-03
49, 20, -7.8251600793204882e-04, 1.1405347965927420e-03
49, 21, 2.6892130153982887e-03, 6.6340402823459883e-04
49, 22, 1.5917232367403762e-04, 1.3346588379644496e-03
49, 23, 2.4425295165117801e-03, -1.2767316646412773e-03
49, 24, 9.7557828763263673e-04, 8.6410348213037259e-04
49, 25, 9.6850765651552919e-04, -2.5833861696565215e-03
49, 26, 1.2750241080649099e-03, -1.0776592103104866e-05
49, 27, -1.0332208472723819e-03, -2.6163071666220100e-03
49, 28, 9.3533515218330321e-04, -8.6079574258124923e-04
49, 29, -2.6345775106384017e-03, -1.3058788258768020e-03
49, 30, 1.2088586675366986e-04, -1.2839204751772929e-03
49, 31, -3.0151278433303411e-03, 8.3560315566227189e-04
49, 32, -7.7633128310888313e-04, -1.0550991364432888e-03
49, 33, -1.8045366117932491e-03, 2.7871474623043257e-03
49, 34, -1.2709541264427583e-03, -2.7414344856499035e-04
49, 35, 5.0663623060561770e-04, 3.3968947340190193e-03
49, 36, -1.0806437492676807e-03, 6.0315292645833532e-04
49, 37, 2.6168778065129099e-03, 2.2113500359138725e-03
49, 38, -3.7845268960030420e-04, 1.0670225447790874e-03
49, 39, 3.3552502472056810e-03, -6.7173663612073864e-05
49, 40, 3.8465287653167838e-04, 9.5533705942830115e-04
49, 41, 2.4979021210542363e-03, -2.3110345702348160e-03
49, 42, 8.7328918815736476e-04, 4.2787599871421910e-04
49, 43, 3.2286001406608305e-04, -3.7165941567548935e-03
49, 44, 8.9166404380691504e-04, -2.6453642408163309e-04
49, 45, -2.5903591951397724e-03, -3.3335291163186015e-03
49, 46, 4.1340054971524730e-04, -6.9303252926861212e-04
49, 47, -4.4733748852367593e-03, -7.7668124021272784e-04
49, 48, -1.1205467989940260e-04, -6.5364559452525260e-04
49, 49, -5.8479799183444011e-03, 3.3483490164227347e-03
50, 0, 4.4946186952954045e-04, 0.0000000000000000e+00
50, 1, 1.2628117707272501e-04, 3.3410980077943031e-04
50, 2, 4.7384854124591220e-04, -4.1885343267968246e-04
50, 3, 3.1260008800218975e-04, 1.6312884933548439e-04
50, 4, 6.9935715268773979e-05, -6.1941516118403411e-04
50, 5, 3.3257644588858930e-04, -8.9082176508924175e-05
50, 6, -3.6337415914713679e-04, -4.9051055510178430e-04
50, 7, 1.7520669790755143e-04, -2.8463107287136783e-04
50, 8, -5.8868454229088344e-04, -1.0252676065098676e-04
50, 9, -6.7755885651921664e-05, -3.1790505994131553e-04
50, 10, -4.9092857106090870e-04, 3.2493299775993706e-04
50, 11, -2.6074121278449710e-04, -1.8310552733978927e-04
50, 12, -1.4509468144964955e-04, 5.6745614085480724e-04
50, 13, -3.1301122525172057e-04, 3.3792622069444178e-05
50, 14, 2.5712330003630727e-04, 5.2719423373167500e-04
50, 15, -2.1806116348940287e-04, 2.2229326678024168e-04
50, 16, 5.2927350659936524e-04, 2.4992825398454873e-04
50, 17, -3.3490929222849334e-05, 3.0211554245300313e-04
50, 18, 5.5843782612597780e-04, -1.2523242937964783e-04
50, 19, 1.5004547939340514e-04, 2.4484723201941634e-04
50, 20, 3.4021247360327325e-04, -4.1579023474983977e-04
50, 21, 2.4219311088493359e-04, 8.8309975227025245e-05
50, 22, 1.6789831354892376e-06, -4.7730081526623988e-04
50, 23, 2.0623972538665004e-04, -7.5027893245743673e-05
50, 24, -2.6584578085965343e-04, -3.0710755020266304e-04
50, 25, 8.4839941132611044e-05, -1.6426384128177918e-04
50, 26, -3.5493281436918008e-04, -3.1080106782328796e-05
50, 27, -5.4039357983114420e-05, -1.6344420184878489e-04
50, 28, -2.7640607128479429e-04, 2.4155266376369800e-04
50, 29, -1.7378418478890140e-04, -8.5214845130132679e-05
50, 30, -3.5174792287573912e-05, 4.5615665772993940e-04
50, 31, -2.3255507419134834e-04, 7.0062114731066926e-05
50, 32, 3.6512973219352419e-04, 4.7843116586471392e-04
50, 33, -1.5642124345340751e-04, 2.4832355630376461e-04
50, 34, 7.1156391473202864e-04, 1.5220285687891105e-04
50, 35, 4.4059837307809898e-05, 3.0597662158808191e-04
50, 36, 6.5519594194134168e-04, -3.5040446178668654e-04
50, 37, 1.9939463372836645e-04, 1.7793897365865621e-04
50, 38, 2.2714995990819799e-04, -5.5558401099065058e-04
50, 39, 1.8361796282224252e-04, 7.9265238932644145e-06
50, 40, -9.8412095469162556e-05, -3.5452627287641041e-04
50, 41, 9.1772817220216765e-05, -6.7514095779079767e-05
50, 42, -1.8762874243266598e-04, -1.3883734054156581e-04
50, 43, 1.6645405728529408e-05, -1.0502486550148178e-04
50, 44, -3.4001889476291560e-04, 8.3212851378909269e-05
50, 45, -8.5526722677718809e-05, -1.0480995412365006e-04
50, 46, -2.6111885922205621e-04, 5.0270381418112721e-04
50, 47, -1.0778895975169844e-04, -8.1777011794563227e-06
50, 48, 1.3018178307276176e-04, 3.7831378932437081e-04
50, 49, -8.3526288489570191e-05, 4.6670344372218999e-05
50, 50, 6.0706324812923409e-04, 5.6496742509210256e-04